# Ra        |Nu        |Nuv       |sigma     |res       |fname           
 3.162e+03      0.000      0.000   0.00e+00   0.00e+00              b''
 3.236e+03      0.000      0.000   0.00e+00   0.00e+00              b''
 3.311e+03      0.000      0.000   0.00e+00   0.00e+00              b''
 3.388e+03      0.000      0.000   0.00e+00   0.00e+00              b''
 3.467e+03      0.000      0.000   0.00e+00   0.00e+00              b''
 3.548e+03      0.000      0.000   0.00e+00   0.00e+00              b''
 3.631e+03      0.000      0.000   0.00e+00   0.00e+00              b''
 3.715e+03      0.000      0.000   0.00e+00   0.00e+00              b''
 3.802e+03      0.000      0.000   0.00e+00   0.00e+00              b''
 3.890e+03      0.000      0.000   0.00e+00   0.00e+00              b''
 3.981e+03      0.000      0.000   0.00e+00   0.00e+00              b''
 4.074e+03      0.000      0.000   0.00e+00   0.00e+00              b''
 4.169e+03      0.000      0.000   0.00e+00   0.00e+00              b''
 4.266e+03      0.000      0.000   0.00e+00   0.00e+00              b''
 4.365e+03      0.000      0.000   0.00e+00   0.00e+00              b''
 4.467e+03      0.000      0.000   0.00e+00   0.00e+00              b''
 4.571e+03      0.000      0.000   0.00e+00   0.00e+00              b''
 4.677e+03      0.000      0.000   0.00e+00   0.00e+00              b''
 4.786e+03      0.000      0.000   0.00e+00   0.00e+00              b''
 4.898e+03      0.000      0.000   0.00e+00   0.00e+00              b''
 5.012e+03      0.000      0.000   0.00e+00   0.00e+00              b''
 5.129e+03      0.000      0.000   0.00e+00   0.00e+00              b''
 5.248e+03      0.000      0.000   0.00e+00   0.00e+00              b''
 5.370e+03      0.000      0.000   0.00e+00   0.00e+00              b''
 5.495e+03      0.000      0.000   0.00e+00   0.00e+00              b''
 5.623e+03      0.000      0.000   0.00e+00   0.00e+00              b''
 5.754e+03      0.000      0.000   0.00e+00   0.00e+00              b''
 5.888e+03      0.000      0.000   0.00e+00   0.00e+00              b''
 6.026e+03      0.000      0.000   0.00e+00   0.00e+00              b''
 6.166e+03      0.000      0.000   0.00e+00   0.00e+00              b''
 6.310e+03      0.000      0.000   0.00e+00   0.00e+00              b''
 6.457e+03      0.000      0.000   0.00e+00   0.00e+00              b''
 6.607e+03      4.294      1.175  -1.27e-01   1.17e-08  b'Ra6.607e+03_'
 6.761e+03      4.300      1.192  -1.26e-01   7.19e-09  b'Ra6.761e+03_'
 6.918e+03      4.305      1.208  -1.24e-01   5.19e-09  b'Ra6.918e+03_'
 7.079e+03      4.311      1.224  -1.22e-01   5.87e-09  b'Ra7.079e+03_'
 7.244e+03      4.316      1.239  -1.20e-01   4.66e-09  b'Ra7.244e+03_'
 7.413e+03      4.321      1.255  -1.19e-01   5.67e-09  b'Ra7.413e+03_'
 7.586e+03      4.326      1.270  -1.17e-01   2.24e-08  b'Ra7.586e+03_'
 7.762e+03      4.331      1.285  -1.15e-01   1.02e-08  b'Ra7.762e+03_'
 7.943e+03      4.336      1.299  -1.14e-01   1.23e-08  b'Ra7.943e+03_'
 8.128e+03      4.340      1.313  -1.12e-01   4.25e-09  b'Ra8.128e+03_'
 8.318e+03      4.344      1.327  -1.11e-01   5.50e-09  b'Ra8.318e+03_'
 8.511e+03      4.349      1.341  -1.09e-01   3.87e-09  b'Ra8.511e+03_'
 8.710e+03      4.353      1.355  -1.08e-01   5.11e-09  b'Ra8.710e+03_'
 8.913e+03      4.357      1.368  -1.06e-01   2.90e-08  b'Ra8.913e+03_'
 9.120e+03      4.361      1.381  -1.05e-01   1.04e-08  b'Ra9.120e+03_'
 9.333e+03      4.364      1.394  -1.03e-01   3.05e-08  b'Ra9.333e+03_'
 9.550e+03      4.368      1.407  -1.02e-01   5.45e-09  b'Ra9.550e+03_'
 9.772e+03      4.372      1.419  -1.01e-01   5.12e-09  b'Ra9.772e+03_'
 1.000e+04      4.375      1.432  -9.93e-02   4.69e-09  b'Ra1.000e+04_'
 1.023e+04      4.379      1.444  -9.81e-02   3.57e-09  b'Ra1.023e+04_'
 1.047e+04      4.382      1.456  -9.68e-02   5.22e-09  b'Ra1.047e+04_'
 1.072e+04      4.385      1.468  -9.55e-02   4.16e-09  b'Ra1.072e+04_'
 1.096e+04      4.388      1.479  -9.43e-02   1.03e-08  b'Ra1.096e+04_'
 1.122e+04      4.392      1.491  -9.31e-02   7.80e-09  b'Ra1.122e+04_'
 1.148e+04      4.395      1.502  -9.19e-02   5.68e-09  b'Ra1.148e+04_'
 1.175e+04      4.398      1.514  -9.07e-02   5.79e-09  b'Ra1.175e+04_'
 1.202e+04      4.401      1.525  -8.96e-02   3.39e-09  b'Ra1.202e+04_'
 1.230e+04      4.404      1.536  -8.85e-02   4.81e-09  b'Ra1.230e+04_'
 1.259e+04      4.407      1.547  -8.73e-02   7.11e-09  b'Ra1.259e+04_'
 1.288e+04      4.409      1.558  -8.63e-02   4.76e-09  b'Ra1.288e+04_'
 1.318e+04      4.412      1.569  -8.52e-02   7.88e-09  b'Ra1.318e+04_'
 1.349e+04      4.415      1.579  -8.41e-02   5.53e-09  b'Ra1.349e+04_'
 1.380e+04      4.418      1.590  -8.30e-02   4.71e-09  b'Ra1.380e+04_'
 1.413e+04      4.421      1.601  -8.20e-02   4.24e-09  b'Ra1.413e+04_'
 1.445e+04      4.424      1.611  -8.10e-02   4.52e-09  b'Ra1.445e+04_'
 1.479e+04      4.426      1.621  -8.00e-02   4.76e-09  b'Ra1.479e+04_'
 1.514e+04      4.429      1.632  -7.89e-02   6.51e-09  b'Ra1.514e+04_'
 1.549e+04      4.432      1.642  -7.80e-02   5.33e-09  b'Ra1.549e+04_'
 1.585e+04      4.435      1.652  -7.70e-02   6.24e-09  b'Ra1.585e+04_'
 1.622e+04      4.438      1.662  -7.60e-02   4.40e-09  b'Ra1.622e+04_'
 1.660e+04      4.441      1.672  -7.51e-02   5.08e-09  b'Ra1.660e+04_'
 1.698e+04      4.443      1.682  -7.41e-02   4.56e-09  b'Ra1.698e+04_'
 1.738e+04      4.446      1.692  -7.32e-02   4.94e-09  b'Ra1.738e+04_'
 1.778e+04      4.449      1.702  -7.23e-02   4.85e-09  b'Ra1.778e+04_'
 1.820e+04      4.452      1.712  -7.14e-02   4.67e-09  b'Ra1.820e+04_'
 1.862e+04      4.455      1.722  -7.05e-02   3.99e-09  b'Ra1.862e+04_'
 1.905e+04      4.458      1.732  -6.96e-02   4.75e-09  b'Ra1.905e+04_'
 1.950e+04      4.461      1.742  -6.87e-02   4.61e-09  b'Ra1.950e+04_'
 1.995e+04      4.465      1.752  -6.79e-02   4.47e-09  b'Ra1.995e+04_'
 2.042e+04      4.468      1.762  -6.70e-02   4.50e-09  b'Ra2.042e+04_'
 2.089e+04      4.471      1.772  -6.62e-02   4.10e-09  b'Ra2.089e+04_'
 2.138e+04      4.475      1.782  -6.53e-02   4.30e-09  b'Ra2.138e+04_'
 2.188e+04      4.478      1.792  -6.45e-02   3.87e-09  b'Ra2.188e+04_'
 2.239e+04      4.481      1.802  -6.37e-02   4.39e-09  b'Ra2.239e+04_'
 2.291e+04      4.485      1.812  -6.29e-02   4.51e-09  b'Ra2.291e+04_'
 2.344e+04      4.489      1.822  -6.21e-02   5.06e-09  b'Ra2.344e+04_'
 2.399e+04      4.492      1.832  -6.13e-02   5.09e-09  b'Ra2.399e+04_'
 2.455e+04      4.496      1.842  -6.05e-02   2.93e-09  b'Ra2.455e+04_'
 2.512e+04      4.500      1.852  -5.97e-02   4.14e-09  b'Ra2.512e+04_'
 2.570e+04      4.504      1.862  -5.90e-02   3.64e-09  b'Ra2.570e+04_'
 2.630e+04      4.508      1.872  -5.82e-02   4.84e-09  b'Ra2.630e+04_'
 2.692e+04      4.512      1.882  -5.75e-02   3.96e-09  b'Ra2.692e+04_'
 2.754e+04      4.516      1.892  -5.67e-02   3.46e-09  b'Ra2.754e+04_'
 2.818e+04      4.521      1.902  -5.60e-02   3.96e-09  b'Ra2.818e+04_'
 2.884e+04      4.525      1.912  -5.53e-02   5.55e-09  b'Ra2.884e+04_'
 2.951e+04      4.530      1.923  -5.45e-02   7.31e-09  b'Ra2.951e+04_'
 3.020e+04      4.534      1.933  -5.38e-02   4.33e-09  b'Ra3.020e+04_'
 3.090e+04      4.539      1.943  -5.31e-02   4.48e-09  b'Ra3.090e+04_'
 3.162e+04      4.544      1.954  -5.24e-02   5.67e-09  b'Ra3.162e+04_'
 3.236e+04      4.549      1.964  -5.18e-02   4.57e-09  b'Ra3.236e+04_'
 3.311e+04      4.554      1.974  -5.11e-02   4.33e-09  b'Ra3.311e+04_'
 3.388e+04      4.559      1.985  -5.04e-02   5.40e-09  b'Ra3.388e+04_'
 3.467e+04      4.564      1.996  -4.97e-02   4.95e-09  b'Ra3.467e+04_'
 3.548e+04      4.570      2.006  -4.91e-02   7.47e-09  b'Ra3.548e+04_'
 3.631e+04      4.575      2.017  -4.84e-02   5.00e-09  b'Ra3.631e+04_'
 3.715e+04      4.581      2.028  -4.78e-02   5.72e-09  b'Ra3.715e+04_'
 3.802e+04      4.586      2.038  -4.72e-02   4.49e-09  b'Ra3.802e+04_'
 3.890e+04      4.592      2.049  -4.65e-02   3.72e-09  b'Ra3.890e+04_'
 3.981e+04      4.598      2.060  -4.59e-02   3.96e-09  b'Ra3.981e+04_'
 4.074e+04      4.604      2.071  -4.53e-02   4.25e-09  b'Ra4.074e+04_'
 4.169e+04      4.610      2.082  -4.47e-02   4.10e-09  b'Ra4.169e+04_'
 4.266e+04      4.617      2.093  -4.41e-02   4.79e-09  b'Ra4.266e+04_'
 4.365e+04      4.623      2.104  -4.35e-02   6.27e-09  b'Ra4.365e+04_'
 4.467e+04      4.630      2.116  -4.29e-02   4.63e-09  b'Ra4.467e+04_'
 4.571e+04      4.636      2.127  -4.23e-02   3.97e-09  b'Ra4.571e+04_'
 4.677e+04      4.643      2.138  -4.18e-02   4.27e-09  b'Ra4.677e+04_'
 4.786e+04      4.650      2.149  -4.12e-02   3.96e-09  b'Ra4.786e+04_'
 4.898e+04      4.657      2.161  -4.07e-02   4.19e-09  b'Ra4.898e+04_'
 5.012e+04      4.664      2.172  -4.01e-02   4.25e-09  b'Ra5.012e+04_'
 5.129e+04      4.671      2.184  -3.96e-02   4.43e-09  b'Ra5.129e+04_'
 5.248e+04      4.679      2.195  -3.90e-02   4.01e-09  b'Ra5.248e+04_'
 5.370e+04      4.686      2.207  -3.85e-02   3.43e-09  b'Ra5.370e+04_'
 5.495e+04      4.694      2.219  -3.80e-02   4.94e-09  b'Ra5.495e+04_'
 5.623e+04      4.702      2.230  -3.75e-02   4.20e-09  b'Ra5.623e+04_'
 5.754e+04      4.709      2.242  -3.69e-02   4.24e-09  b'Ra5.754e+04_'
 5.888e+04      4.717      2.254  -3.64e-02   4.14e-09  b'Ra5.888e+04_'
 6.026e+04      4.726      2.266  -3.59e-02   4.03e-09  b'Ra6.026e+04_'
 6.166e+04      4.734      2.278  -3.54e-02   3.60e-09  b'Ra6.166e+04_'
 6.310e+04      4.742      2.290  -3.49e-02   4.07e-09  b'Ra6.310e+04_'
 6.457e+04      4.751      2.302  -3.45e-02   5.19e-09  b'Ra6.457e+04_'
 6.607e+04      4.759      2.315  -3.40e-02   7.60e-09  b'Ra6.607e+04_'
 6.761e+04      4.768      2.327  -3.35e-02   4.22e-09  b'Ra6.761e+04_'
 6.918e+04      4.777      2.339  -3.31e-02   3.04e-09  b'Ra6.918e+04_'
 7.079e+04      4.786      2.351  -3.26e-02   3.70e-09  b'Ra7.079e+04_'
 7.244e+04      4.795      2.364  -3.21e-02   3.33e-09  b'Ra7.244e+04_'
 7.413e+04      4.804      2.376  -3.17e-02   2.98e-09  b'Ra7.413e+04_'
 7.586e+04      4.813      2.389  -3.13e-02   3.67e-09  b'Ra7.586e+04_'
 7.762e+04      4.823      2.401  -3.08e-02   4.02e-09  b'Ra7.762e+04_'
 7.943e+04      4.832      2.414  -3.04e-02   2.92e-09  b'Ra7.943e+04_'
 8.128e+04      4.842      2.427  -3.00e-02   3.64e-09  b'Ra8.128e+04_'
 8.318e+04      4.852      2.439  -2.95e-02   3.80e-09  b'Ra8.318e+04_'
 8.511e+04      4.861      2.452  -2.91e-02   4.33e-09  b'Ra8.511e+04_'
 8.710e+04      4.871      2.465  -2.87e-02   3.87e-09  b'Ra8.710e+04_'
 8.913e+04      0.000      0.000   0.00e+00   0.00e+00              b''
 9.120e+04      0.000      0.000   0.00e+00   0.00e+00              b''
 9.333e+04      0.000      0.000   0.00e+00   0.00e+00              b''
 9.550e+04      0.000      0.000   0.00e+00   0.00e+00              b''
 9.772e+04      0.000      0.000   0.00e+00   0.00e+00              b''
 1.000e+05      0.000      0.000   0.00e+00   0.00e+00              b''
 1.023e+05      0.000      0.000   0.00e+00   0.00e+00              b''
 1.047e+05      0.000      0.000   0.00e+00   0.00e+00              b''
 1.072e+05      0.000      0.000   0.00e+00   0.00e+00              b''
 1.096e+05      0.000      0.000   0.00e+00   0.00e+00              b''
 1.122e+05      0.000      0.000   0.00e+00   0.00e+00              b''
 1.148e+05      0.000      0.000   0.00e+00   0.00e+00              b''
 1.175e+05      0.000      0.000   0.00e+00   0.00e+00              b''
 1.202e+05      0.000      0.000   0.00e+00   0.00e+00              b''
 1.230e+05      0.000      0.000   0.00e+00   0.00e+00              b''
 1.259e+05      0.000      0.000   0.00e+00   0.00e+00              b''
 1.288e+05      0.000      0.000   0.00e+00   0.00e+00              b''
 1.318e+05      0.000      0.000   0.00e+00   0.00e+00              b''
 1.349e+05      0.000      0.000   0.00e+00   0.00e+00              b''
 1.380e+05      0.000      0.000   0.00e+00   0.00e+00              b''
 1.413e+05      0.000      0.000   0.00e+00   0.00e+00              b''
 1.445e+05      0.000      0.000   0.00e+00   0.00e+00              b''
 1.479e+05      0.000      0.000   0.00e+00   0.00e+00              b''
 1.514e+05      0.000      0.000   0.00e+00   0.00e+00              b''
 1.549e+05      0.000      0.000   0.00e+00   0.00e+00              b''
 1.585e+05      0.000      0.000   0.00e+00   0.00e+00              b''
 1.622e+05      0.000      0.000   0.00e+00   0.00e+00              b''
 1.660e+05      0.000      0.000   0.00e+00   0.00e+00              b''
 1.698e+05      0.000      0.000   0.00e+00   0.00e+00              b''
 1.738e+05      0.000      0.000   0.00e+00   0.00e+00              b''
 1.778e+05      0.000      0.000   0.00e+00   0.00e+00              b''
 1.820e+05      0.000      0.000   0.00e+00   0.00e+00              b''
 1.862e+05      0.000      0.000   0.00e+00   0.00e+00              b''
 1.905e+05      0.000      0.000   0.00e+00   0.00e+00              b''
 1.950e+05      0.000      0.000   0.00e+00   0.00e+00              b''
 1.995e+05      0.000      0.000   0.00e+00   0.00e+00              b''
 2.042e+05      0.000      0.000   0.00e+00   0.00e+00              b''
 2.089e+05      0.000      0.000   0.00e+00   0.00e+00              b''
 2.138e+05      0.000      0.000   0.00e+00   0.00e+00              b''
 2.188e+05      0.000      0.000   0.00e+00   0.00e+00              b''
 2.239e+05      0.000      0.000   0.00e+00   0.00e+00              b''
 2.291e+05      0.000      0.000   0.00e+00   0.00e+00              b''
 2.344e+05      0.000      0.000   0.00e+00   0.00e+00              b''
 2.399e+05      0.000      0.000   0.00e+00   0.00e+00              b''
 2.455e+05      0.000      0.000   0.00e+00   0.00e+00              b''
 2.512e+05      0.000      0.000   0.00e+00   0.00e+00              b''
 2.570e+05      0.000      0.000   0.00e+00   0.00e+00              b''
 2.630e+05      0.000      0.000   0.00e+00   0.00e+00              b''
 2.692e+05      0.000      0.000   0.00e+00   0.00e+00              b''
 2.754e+05      0.000      0.000   0.00e+00   0.00e+00              b''
 2.818e+05      0.000      0.000   0.00e+00   0.00e+00              b''
 2.884e+05      0.000      0.000   0.00e+00   0.00e+00              b''
 2.951e+05      0.000      0.000   0.00e+00   0.00e+00              b''
 3.020e+05      0.000      0.000   0.00e+00   0.00e+00              b''
 3.090e+05      0.000      0.000   0.00e+00   0.00e+00              b''
 3.162e+05      0.000      0.000   0.00e+00   0.00e+00              b''
 3.236e+05      0.000      0.000   0.00e+00   0.00e+00              b''
 3.311e+05      0.000      0.000   0.00e+00   0.00e+00              b''
 3.388e+05      0.000      0.000   0.00e+00   0.00e+00              b''
 3.467e+05      0.000      0.000   0.00e+00   0.00e+00              b''
 3.548e+05      0.000      0.000   0.00e+00   0.00e+00              b''
 3.631e+05      0.000      0.000   0.00e+00   0.00e+00              b''
 3.715e+05      0.000      0.000   0.00e+00   0.00e+00              b''
 3.802e+05      0.000      0.000   0.00e+00   0.00e+00              b''
 3.890e+05      0.000      0.000   0.00e+00   0.00e+00              b''
 3.981e+05      0.000      0.000   0.00e+00   0.00e+00              b''
 4.074e+05      0.000      0.000   0.00e+00   0.00e+00              b''
 4.169e+05      0.000      0.000   0.00e+00   0.00e+00              b''
 4.266e+05      0.000      0.000   0.00e+00   0.00e+00              b''
 4.365e+05      0.000      0.000   0.00e+00   0.00e+00              b''
 4.467e+05      0.000      0.000   0.00e+00   0.00e+00              b''
 4.571e+05      0.000      0.000   0.00e+00   0.00e+00              b''
 4.677e+05      0.000      0.000   0.00e+00   0.00e+00              b''
 4.786e+05      0.000      0.000   0.00e+00   0.00e+00              b''
 4.898e+05      0.000      0.000   0.00e+00   0.00e+00              b''
 5.012e+05      0.000      0.000   0.00e+00   0.00e+00              b''
 5.129e+05      0.000      0.000   0.00e+00   0.00e+00              b''
 5.248e+05      0.000      0.000   0.00e+00   0.00e+00              b''
 5.370e+05      0.000      0.000   0.00e+00   0.00e+00              b''
 5.495e+05      0.000      0.000   0.00e+00   0.00e+00              b''
 5.623e+05      0.000      0.000   0.00e+00   0.00e+00              b''
 5.754e+05      0.000      0.000   0.00e+00   0.00e+00              b''
 5.888e+05      0.000      0.000   0.00e+00   0.00e+00              b''
 6.026e+05      0.000      0.000   0.00e+00   0.00e+00              b''
 6.166e+05      0.000      0.000   0.00e+00   0.00e+00              b''
 6.310e+05      0.000      0.000   0.00e+00   0.00e+00              b''
 6.457e+05      0.000      0.000   0.00e+00   0.00e+00              b''
 6.607e+05      0.000      0.000   0.00e+00   0.00e+00              b''
 6.761e+05      0.000      0.000   0.00e+00   0.00e+00              b''
 6.918e+05      0.000      0.000   0.00e+00   0.00e+00              b''
 7.079e+05      0.000      0.000   0.00e+00   0.00e+00              b''
 7.244e+05      0.000      0.000   0.00e+00   0.00e+00              b''
 7.413e+05      0.000      0.000   0.00e+00   0.00e+00              b''
 7.586e+05      0.000      0.000   0.00e+00   0.00e+00              b''
 7.762e+05      0.000      0.000   0.00e+00   0.00e+00              b''
 7.943e+05      0.000      0.000   0.00e+00   0.00e+00              b''
 8.128e+05      0.000      0.000   0.00e+00   0.00e+00              b''
 8.318e+05      0.000      0.000   0.00e+00   0.00e+00              b''
 8.511e+05      0.000      0.000   0.00e+00   0.00e+00              b''
 8.710e+05      0.000      0.000   0.00e+00   0.00e+00              b''
 8.913e+05      0.000      0.000   0.00e+00   0.00e+00              b''
 9.120e+05      0.000      0.000   0.00e+00   0.00e+00              b''
 9.333e+05      0.000      0.000   0.00e+00   0.00e+00              b''
 9.550e+05      0.000      0.000   0.00e+00   0.00e+00              b''
 9.772e+05      0.000      0.000   0.00e+00   0.00e+00              b''
 1.000e+06      0.000      0.000   0.00e+00   0.00e+00              b''
 1.023e+06      0.000      0.000   0.00e+00   0.00e+00              b''
 1.047e+06      0.000      0.000   0.00e+00   0.00e+00              b''
 1.072e+06      0.000      0.000   0.00e+00   0.00e+00              b''
 1.096e+06      0.000      0.000   0.00e+00   0.00e+00              b''
 1.122e+06      0.000      0.000   0.00e+00   0.00e+00              b''
 1.148e+06      0.000      0.000   0.00e+00   0.00e+00              b''
 1.175e+06      0.000      0.000   0.00e+00   0.00e+00              b''
 1.202e+06      0.000      0.000   0.00e+00   0.00e+00              b''
 1.230e+06      0.000      0.000   0.00e+00   0.00e+00              b''
 1.259e+06      0.000      0.000   0.00e+00   0.00e+00              b''
 1.288e+06      0.000      0.000   0.00e+00   0.00e+00              b''
 1.318e+06      0.000      0.000   0.00e+00   0.00e+00              b''
 1.349e+06      0.000      0.000   0.00e+00   0.00e+00              b''
 1.380e+06      0.000      0.000   0.00e+00   0.00e+00              b''
 1.413e+06      0.000      0.000   0.00e+00   0.00e+00              b''
 1.445e+06      0.000      0.000   0.00e+00   0.00e+00              b''
 1.479e+06      0.000      0.000   0.00e+00   0.00e+00              b''
 1.514e+06      0.000      0.000   0.00e+00   0.00e+00              b''
 1.549e+06      0.000      0.000   0.00e+00   0.00e+00              b''
 1.585e+06      0.000      0.000   0.00e+00   0.00e+00              b''
 1.622e+06      0.000      0.000   0.00e+00   0.00e+00              b''
 1.660e+06      0.000      0.000   0.00e+00   0.00e+00              b''
 1.698e+06      0.000      0.000   0.00e+00   0.00e+00              b''
 1.738e+06      0.000      0.000   0.00e+00   0.00e+00              b''
 1.778e+06      0.000      0.000   0.00e+00   0.00e+00              b''
 1.820e+06      0.000      0.000   0.00e+00   0.00e+00              b''
 1.862e+06      0.000      0.000   0.00e+00   0.00e+00              b''
 1.905e+06      0.000      0.000   0.00e+00   0.00e+00              b''
 1.950e+06      0.000      0.000   0.00e+00   0.00e+00              b''
 1.995e+06      0.000      0.000   0.00e+00   0.00e+00              b''
 2.042e+06      0.000      0.000   0.00e+00   0.00e+00              b''
 2.089e+06      0.000      0.000   0.00e+00   0.00e+00              b''
 2.138e+06      0.000      0.000   0.00e+00   0.00e+00              b''
 2.188e+06      0.000      0.000   0.00e+00   0.00e+00              b''
 2.239e+06      0.000      0.000   0.00e+00   0.00e+00              b''
 2.291e+06      0.000      0.000   0.00e+00   0.00e+00              b''
 2.344e+06      0.000      0.000   0.00e+00   0.00e+00              b''
 2.399e+06      0.000      0.000   0.00e+00   0.00e+00              b''
 2.455e+06      0.000      0.000   0.00e+00   0.00e+00              b''
 2.512e+06      0.000      0.000   0.00e+00   0.00e+00              b''
 2.570e+06      0.000      0.000   0.00e+00   0.00e+00              b''
 2.630e+06      0.000      0.000   0.00e+00   0.00e+00              b''
 2.692e+06      0.000      0.000   0.00e+00   0.00e+00              b''
 2.754e+06      0.000      0.000   0.00e+00   0.00e+00              b''
 2.818e+06      0.000      0.000   0.00e+00   0.00e+00              b''
 2.884e+06      0.000      0.000   0.00e+00   0.00e+00              b''
 2.951e+06      0.000      0.000   0.00e+00   0.00e+00              b''
 3.020e+06      0.000      0.000   0.00e+00   0.00e+00              b''
 3.090e+06      0.000      0.000   0.00e+00   0.00e+00              b''
 3.162e+06      0.000      0.000   0.00e+00   0.00e+00              b''
