# Ra    |Nu    |Nuv   |sigma |res   |fname         
1.00e+03   0.00   0.00   0.00 0.00e+00            b''
1.05e+03   0.00   0.00   0.00 0.00e+00            b''
1.10e+03   0.00   0.00   0.00 0.00e+00            b''
1.15e+03   0.00   0.00   0.00 0.00e+00            b''
1.20e+03   0.00   0.00   0.00 0.00e+00            b''
1.26e+03   0.00   0.00   0.00 0.00e+00            b''
1.32e+03   0.00   0.00   0.00 0.00e+00            b''
1.38e+03   0.00   0.00   0.00 0.00e+00            b''
1.45e+03   0.00   0.00   0.00 0.00e+00            b''
1.52e+03   0.00   0.00   0.00 0.00e+00            b''
1.59e+03   0.00   0.00   0.00 0.00e+00            b''
1.66e+03   0.00   0.00   0.00 0.00e+00            b''
1.74e+03   0.00   0.00   0.00 0.00e+00            b''
1.83e+03   0.00   0.00   0.00 0.00e+00            b''
1.91e+03   0.00   0.00   0.00 0.00e+00            b''
2.00e+03   0.00   0.00   0.00 0.00e+00            b''
2.10e+03   0.00   0.00   0.00 0.00e+00            b''
2.20e+03   0.00   0.00   0.00 0.00e+00            b''
2.30e+03   0.00   0.00   0.00 0.00e+00            b''
2.41e+03   0.00   0.00   0.00 0.00e+00            b''
2.52e+03   0.00   0.00   0.00 0.00e+00            b''
2.64e+03   0.00   0.00   0.00 0.00e+00            b''
2.77e+03   0.00   0.00   0.00 0.00e+00            b''
2.90e+03   0.00   0.00   0.00 0.00e+00            b''
3.04e+03   0.00   0.00   0.00 0.00e+00            b''
3.18e+03   0.00   0.00   0.00 0.00e+00            b''
3.33e+03   0.00   0.00   0.00 0.00e+00            b''
3.49e+03   0.00   0.00   0.00 0.00e+00            b''
3.65e+03   0.00   0.00   0.00 0.00e+00            b''
3.83e+03   0.00   0.00   0.00 0.00e+00            b''
4.01e+03   0.00   0.00   0.00 0.00e+00            b''
4.20e+03   0.00   0.00   0.00 0.00e+00            b''
4.40e+03   0.00   0.00   0.00 0.00e+00            b''
4.61e+03   0.00   0.00   0.00 0.00e+00            b''
4.82e+03   0.00   0.00   0.00 0.00e+00            b''
5.05e+03   0.00   0.00   0.00 0.00e+00            b''
5.29e+03   0.00   0.00   0.00 0.00e+00            b''
5.54e+03   0.00   0.00   0.00 0.00e+00            b''
5.81e+03   0.00   0.00   0.00 0.00e+00            b''
6.08e+03   0.00   0.00   0.00 0.00e+00            b''
6.37e+03   0.00   0.00   0.00 0.00e+00            b''
6.67e+03   0.00   0.00   0.00 0.00e+00            b''
6.99e+03   0.00   0.00   0.00 0.00e+00            b''
7.32e+03   0.00   0.00   0.00 0.00e+00            b''
7.66e+03   0.00   0.00   0.00 0.00e+00            b''
8.03e+03   0.00   0.00   0.00 0.00e+00            b''
8.41e+03   0.00   0.00   0.00 0.00e+00            b''
8.80e+03   0.00   0.00   0.00 0.00e+00            b''
9.22e+03   0.00   0.00   0.00 0.00e+00            b''
9.66e+03   0.00   0.00   0.00 0.00e+00            b''
1.01e+04   0.00   0.00   0.00 0.00e+00            b''
1.06e+04   0.00   0.00   0.00 0.00e+00            b''
1.11e+04   0.00   0.00   0.00 0.00e+00            b''
1.16e+04   0.00   0.00   0.00 0.00e+00            b''
1.22e+04   0.00   0.00   0.00 0.00e+00            b''
1.28e+04   0.00   0.00   0.00 0.00e+00            b''
1.34e+04   0.00   0.00   0.00 0.00e+00            b''
1.40e+04   0.00   0.00   0.00 0.00e+00            b''
1.46e+04   0.00   0.00   0.00 0.00e+00            b''
1.53e+04   0.00   0.00   0.00 0.00e+00            b''
1.61e+04   0.00   0.00   0.00 0.00e+00            b''
1.68e+04   0.00   0.00   0.00 0.00e+00            b''
1.76e+04   0.00   0.00   0.00 0.00e+00            b''
1.85e+04   0.00   0.00   0.00 0.00e+00            b''
1.93e+04   0.00   0.00   0.00 0.00e+00            b''
2.03e+04   0.00   0.00   0.00 0.00e+00            b''
2.12e+04   0.00   0.00   0.00 0.00e+00            b''
2.22e+04   0.00   0.00   0.00 0.00e+00            b''
2.33e+04   0.00   0.00   0.00 0.00e+00            b''
2.44e+04   0.00   0.00   0.00 0.00e+00            b''
2.55e+04   0.00   0.00   0.00 0.00e+00            b''
2.67e+04   0.00   0.00   0.00 0.00e+00            b''
2.80e+04   0.00   0.00   0.00 0.00e+00            b''
2.93e+04   0.00   0.00   0.00 0.00e+00            b''
3.07e+04   0.00   0.00   0.00 0.00e+00            b''
3.22e+04   0.00   0.00   0.00 0.00e+00            b''
3.37e+04   0.00   0.00   0.00 0.00e+00            b''
3.53e+04   0.00   0.00   0.00 0.00e+00            b''
3.70e+04   0.00   0.00   0.00 0.00e+00            b''
3.87e+04   0.00   0.00   0.00 0.00e+00            b''
4.06e+04   0.00   0.00   0.00 0.00e+00            b''
4.25e+04   0.00   0.00   0.00 0.00e+00            b''
4.45e+04   0.00   0.00   0.00 0.00e+00            b''
4.66e+04   0.00   0.00   0.00 0.00e+00            b''
4.88e+04   0.00   0.00   0.00 0.00e+00            b''
5.11e+04   0.00   0.00   0.00 0.00e+00            b''
5.35e+04   0.00   0.00   0.00 0.00e+00            b''
5.61e+04   0.00   0.00   0.00 0.00e+00            b''
5.87e+04   0.00   0.00   0.00 0.00e+00            b''
6.15e+04   0.00   0.00   0.00 0.00e+00            b''
6.44e+04   0.00   0.00   0.00 0.00e+00            b''
6.75e+04   0.00   0.00   0.00 0.00e+00            b''
7.07e+04   0.00   0.00   0.00 0.00e+00            b''
7.40e+04   0.00   0.00   0.00 0.00e+00            b''
7.75e+04   0.00   0.00   0.00 0.00e+00            b''
8.12e+04   0.00   0.00   0.00 0.00e+00            b''
8.50e+04   0.00   0.00   0.00 0.00e+00            b''
8.91e+04   0.00   0.00   0.00 0.00e+00            b''
9.33e+04   0.00   0.00   0.00 0.00e+00            b''
9.77e+04   0.00   0.00   0.00 0.00e+00            b''
1.02e+05   0.00   0.00   0.00 0.00e+00            b''
1.07e+05   0.00   0.00   0.00 0.00e+00            b''
1.12e+05   0.00   0.00   0.00 0.00e+00            b''
1.18e+05   0.00   0.00   0.00 0.00e+00            b''
1.23e+05   0.00   0.00   0.00 0.00e+00            b''
1.29e+05   0.00   0.00   0.00 0.00e+00            b''
1.35e+05   0.00   0.00   0.00 0.00e+00            b''
1.41e+05   0.00   0.00   0.00 0.00e+00            b''
1.48e+05   0.00   0.00   0.00 0.00e+00            b''
1.55e+05   0.00   0.00   0.00 0.00e+00            b''
1.63e+05   0.00   0.00   0.00 0.00e+00            b''
1.70e+05   0.00   0.00   0.00 0.00e+00            b''
1.78e+05   0.00   0.00   0.00 0.00e+00            b''
1.87e+05   0.00   0.00   0.00 0.00e+00            b''
1.96e+05   0.00   0.00   0.00 0.00e+00            b''
2.05e+05   0.00   0.00   0.00 0.00e+00            b''
2.15e+05   0.00   0.00   0.00 0.00e+00            b''
2.25e+05   0.00   0.00   0.00 0.00e+00            b''
2.35e+05   0.00   0.00   0.00 0.00e+00            b''
2.47e+05   0.00   0.00   0.00 0.00e+00            b''
2.58e+05   0.00   0.00   0.00 0.00e+00            b''
2.70e+05   0.00   0.00   0.00 0.00e+00            b''
2.83e+05   0.00   0.00   0.00 0.00e+00            b''
2.97e+05   0.00   0.00   0.00 0.00e+00            b''
3.11e+05   0.00   0.00   0.00 0.00e+00            b''
3.26e+05   0.00   0.00   0.00 0.00e+00            b''
3.41e+05   0.00   0.00   0.00 0.00e+00            b''
3.57e+05   0.00   0.00   0.00 0.00e+00            b''
3.74e+05   0.00   0.00   0.00 0.00e+00            b''
3.92e+05   0.00   0.00   0.00 0.00e+00            b''
4.10e+05   0.00   0.00   0.00 0.00e+00            b''
4.30e+05   0.00   0.00   0.00 0.00e+00            b''
4.50e+05   0.00   0.00   0.00 0.00e+00            b''
4.71e+05   0.00   0.00   0.00 0.00e+00            b''
4.94e+05   0.00   0.00   0.00 0.00e+00            b''
5.17e+05   0.00   0.00   0.00 0.00e+00            b''
5.42e+05   0.00   0.00   0.00 0.00e+00            b''
5.67e+05   0.00   0.00   0.00 0.00e+00            b''
5.94e+05   0.00   0.00   0.00 0.00e+00            b''
6.22e+05   0.00   0.00   0.00 0.00e+00            b''
6.52e+05   0.00   0.00   0.00 0.00e+00            b''
6.83e+05   0.00   0.00   0.00 0.00e+00            b''
7.15e+05   0.00   0.00   0.00 0.00e+00            b''
7.49e+05   0.00   0.00   0.00 0.00e+00            b''
7.84e+05   0.00   0.00   0.00 0.00e+00            b''
8.21e+05   0.00   0.00   0.00 0.00e+00            b''
8.60e+05   0.00   0.00   0.00 0.00e+00            b''
9.01e+05   0.00   0.00   0.00 0.00e+00            b''
9.44e+05   0.00   0.00   0.00 0.00e+00            b''
9.88e+05   0.00   0.00   0.00 0.00e+00            b''
1.04e+06   0.00   0.00   0.00 0.00e+00            b''
1.08e+06   0.00   0.00   0.00 0.00e+00            b''
1.14e+06   0.00   0.00   0.00 0.00e+00            b''
1.19e+06   0.00   0.00   0.00 0.00e+00            b''
1.25e+06   0.00   0.00   0.00 0.00e+00            b''
1.30e+06   0.00   0.00   0.00 0.00e+00            b''
1.37e+06   0.00   0.00   0.00 0.00e+00            b''
1.43e+06   0.00   0.00   0.00 0.00e+00            b''
1.50e+06   0.00   0.00   0.00 0.00e+00            b''
1.57e+06   0.00   0.00   0.00 0.00e+00            b''
1.64e+06   0.00   0.00   0.00 0.00e+00            b''
1.72e+06   0.00   0.00   0.00 0.00e+00            b''
1.80e+06   0.00   0.00   0.00 0.00e+00            b''
1.89e+06   0.00   0.00   0.00 0.00e+00            b''
1.98e+06   0.00   0.00   0.00 0.00e+00            b''
2.07e+06   0.00   0.00   0.00 0.00e+00            b''
2.17e+06   0.00   0.00   0.00 0.00e+00            b''
2.27e+06   0.00   0.00   0.00 0.00e+00            b''
2.38e+06   0.00   0.00   0.00 0.00e+00            b''
2.49e+06   0.00   0.00   0.00 0.00e+00            b''
2.61e+06   0.00   0.00   0.00 0.00e+00            b''
2.74e+06   0.00   0.00   0.00 0.00e+00            b''
2.87e+06   0.00   0.00   0.00 0.00e+00            b''
3.00e+06   0.00   0.00   0.00 0.00e+00            b''
3.14e+06   0.00   0.00   0.00 0.00e+00            b''
3.29e+06   0.00   0.00   0.00 0.00e+00            b''
3.45e+06   0.00   0.00   0.00 0.00e+00            b''
3.61e+06   0.00   0.00   0.00 0.00e+00            b''
3.78e+06   0.00   0.00   0.00 0.00e+00            b''
3.96e+06   0.00   0.00   0.00 0.00e+00            b''
4.15e+06   0.00   0.00   0.00 0.00e+00            b''
4.35e+06   0.00   0.00   0.00 0.00e+00            b''
4.55e+06   0.00   0.00   0.00 0.00e+00            b''
4.77e+06   0.00   0.00   0.00 0.00e+00            b''
4.99e+06   0.00   0.00   0.00 0.00e+00            b''
5.23e+06   0.00   0.00   0.00 0.00e+00            b''
5.48e+06   0.00   0.00   0.00 0.00e+00            b''
5.74e+06   0.00   0.00   0.00 0.00e+00            b''
6.01e+06   0.00   0.00   0.00 0.00e+00            b''
6.29e+06   0.00   0.00   0.00 0.00e+00            b''
6.59e+06   0.00   0.00   0.00 0.00e+00            b''
6.91e+06   0.00   0.00   0.00 0.00e+00            b''
7.23e+06   0.00   0.00   0.00 0.00e+00            b''
7.58e+06   0.00   0.00   0.00 0.00e+00            b''
7.93e+06   0.00   0.00   0.00 0.00e+00            b''
8.31e+06   0.00   0.00   0.00 0.00e+00            b''
8.70e+06   0.00   0.00   0.00 0.00e+00            b''
9.12e+06   0.00   0.00   0.00 0.00e+00            b''
9.55e+06   0.00   0.00   0.00 0.00e+00            b''
1.00e+07   0.00   0.00   0.00 0.00e+00            b''
